3 11 1   2.000   60.0  110.0
3 12 1   2.000   50.0  100.0
3 9 1    1.500   30.0   80.0
3 7 1    1.500   40.0   90.0
3 8 1    1.500   40.0   90.0
3 11 4   0.05    -1.0    0.0
3 12 4   0.05    -1.0    0.0
3 9 4    0.05    -1.0    0.0
3 7 4    0.05    -1.0    0.0
3 8 4    0.05    -1.0    0.0
4 4 1    0.01     0.05   0.50
4 5 1    0.01     0.05   0.50
4 6 1    0.01     0.05   0.50
4 4 2    0.05     1.5    2.5
4 5 2    0.05     1.5    2.5
4 6 2    0.05     1.5    2.5
2 4 14   0.5      0.0   10.0
2 4 15   0.5      0.0   10.0
2 5 14   0.5      0.0   10.0
2 5 15   0.5      0.0   10.0
2 6 14   0.5      0.0   10.0
2 6 15   0.5      0.0   10.0
2 4 4    0.05     1.85   2.40
2 5 4    0.05     1.85   2.40
2 6 4    0.05     1.85   2.40
5 19 1   2.000   70.0  130.0
5 20 1   2.000   70.0  130.0
5 21 1   2.000   70.0  130.0
5 19 2   1.000    5.0   50.0
5 20 2   1.000    5.0   50.0
5 21 2   1.000    5.0   50.0
